10    6e-06
10    7e-06
10    6e-06
10    6e-06
10    6e-06
10    5e-06
10    6e-06
10    6e-06
10    5e-06
10    6e-06
10    5e-06
10    6e-06
10    7e-06
10    6e-06
10    6e-06
10    6e-06
10    6e-06
10    7e-06
10    7e-06
10    6e-06
10    5e-06
10    6e-06
10    6e-06
10    6e-06
10    6e-06
100    5e-05
100    5e-05
100    5e-05
100    6e-05
100    5e-05
100    5e-05
100    5e-05
100    5e-05
100    5e-05
100    5e-05
100    5e-05
100    5e-05
100    5e-05
100    5e-05
100    5e-05
100    5e-05
100    5e-05
100    5e-05
100    5e-05
100    5e-05
100    5e-05
100    5e-05
100    5e-05
100    5e-05
100    5e-05
1000    6e-04
1000    6e-04
1000    6e-04
1000    6e-04
1000    6e-04
1000    6e-04
1000    6e-04
1000    6e-04
1000    6e-04
1000    6e-04
1000    6e-04
1000    6e-04
1000    6e-04
1000    6e-04
1000    6e-04
1000    6e-04
1000    4e-04
1000    4e-04
1000    4e-04
1000    4e-04
1000    4e-04
1000    4e-04
1000    4e-04
1000    4e-04
1000    4e-04
